11111
222
33
411111
222
33
411111
222
33
411111
222
33
411111
222
33
411111
222
33
411111
222
33
411111
222
33
411111
222
33
411111
222
33
411111
222
33
411111
222
33
411111
222
33
411111
222
33
411111
222
33
411111
222
33
411111
222
33
411111
222
33
411111
222
33
411111
222
33
411111
222
33
411111
222
33
411111
222
33
411111
222
33
411111
222
33
411111
222
33
411111
222
33
411111
222
33
411111
222
33
411111
222
33
411111
222
33
411111
222
33
411111
222
33
411111
222
33
411111
222
33
411111
222
33
411111
222
33
411111
222
33
411111
222
33
411111
222
33
411111
222
33
411111
222
33
411111
222
33
411111
222
33
411111
222
33
411111
222
33
411111
222
33
411111
222
33
411111
222
33
411111
222
33
411111
222
33
411111
222
33
411111
222
33
411111
222
33
411111
222
33
411111
222
33
411111
222
33
411111
222
33
411111
222
33
411111
222
33
411111
222
33
411111
222
33
411111
222
33
411111
222
33
411111
222
33
411111
222
33
411111
222
33
411111
222
33
411111
222
33s411111
222
33
411111
222
33
411111
222
33
411111
222
33
411111
222
33
411111
222
33
411111
222
33
411111
222
33
411111
222
33
411111
222
33
411111
222
33
411111
222
33
411111
222
33
411111
222
33
411111
222
33
411111
222
33
411111
222
33
411111
222
33
411111
222
33
411111
222
33
411111
222
33
411111
222
33
411111
222
33
411111
222
33
411111
222
33
411111
222
33
411111
222
33
411111
222
33
411111
222
33
411111
222
33
411111
222
33
411111
222
33
411111
222
33
411111
222
33
411111
222
33
411111
222
33
411111
222
33
411111
222
33
411111
222
33
411111
222
33
411111
222
33
411111
222
33
4
